date_time	teplota_CB	srazky_CB	srazky_Temelin
2015-04-04 12:00:00	6,5	0,0	0,0
2015-04-04 13:00:00	6,8	0,0	0,0
2015-04-04 14:00:00	7,3	0,0	0,0
2015-04-04 15:00:00	7,4	0,0	0,0
2015-04-04 16:00:00	7,4	0,0	0,0
2015-04-04 17:00:00	7,1	0,0	0,0
2015-04-04 18:00:00	6,3	0,0	0,0
2015-04-04 19:00:00	5,2	0,0	0,0
2015-04-04 20:00:00	4,0	0,0	0,0
2015-04-04 21:00:00	3,4	0,0	0,0
2015-04-04 22:00:00	1,8	0,0	0,0
2015-04-04 23:00:00	0,6	0,0	0,0
2015-04-05 00:00:00	-1,0	0,0	0,0
2015-04-05 01:00:00	-2,1	0,0	0,0
2015-04-05 02:00:00	-2,5	0,0	0,0
2015-04-05 03:00:00	-3,0	0,0	0,0
2015-04-05 04:00:00	-1,5	0,0	0,0
2015-04-05 05:00:00	-1,1	0,0	0,0
2015-04-05 06:00:00	-1,0	0,0	0,0
2015-04-05 07:00:00	-0,1	0,0	0,0
2015-04-05 08:00:00	1,5	0,0	0,0
2015-04-05 09:00:00	2,4	0,0	0,0
2015-04-05 10:00:00	3,4	0,0	0,0
2015-04-05 11:00:00	3,9	0,0	0,0
2015-04-05 12:00:00	4,9	0,0	0,0
2015-04-05 13:00:00	5,4	0,0	0,0
2015-04-05 14:00:00	6,8	0,0	0,0
2015-04-05 15:00:00	5,6	0,0	0,0
2015-04-05 16:00:00	7,2	0,0	0,0
2015-04-05 17:00:00	5,6	0,0	0,0
2015-04-05 18:00:00	5,0	0,0	0,0
2015-04-05 19:00:00	4,3	0,0	0,0
2015-04-05 20:00:00	3,4	0,0	0,0
2015-04-05 21:00:00	2,2	0,0	0,0
2015-04-05 22:00:00	1,9	0,0	0,0
2015-04-05 23:00:00	1,8	0,0	0,0
2015-04-06 00:00:00	2,0	0,0	0,0
2015-04-06 01:00:00	1,0	0,0	0,0
2015-04-06 02:00:00	0,7	0,0	0,0
2015-04-06 03:00:00	-0,2	0,0	0,0
2015-04-06 04:00:00	-0,6	0,0	0,0
2015-04-06 05:00:00	-0,7	0,0	0,0
2015-04-06 06:00:00	-0,9	0,0	0,0
2015-04-06 07:00:00	0,6	0,0	0,0
2015-04-06 08:00:00	2,5	0,0	0,0
2015-04-06 09:00:00	3,8	0,0	0,0
2015-04-06 10:00:00	2,0	0,0	0,0
2015-04-06 11:00:00	3,6	0,0	0,0
2015-04-06 12:00:00	5,6	0,0	0,0
2015-04-06 13:00:00	5,1	0,0	0,1
2015-04-06 14:00:00	0,6	1,1	0,5
2015-04-06 15:00:00	2,5	0,1	0,0
2015-04-06 16:00:00	5,0	0,0	0,0
2015-04-06 17:00:00	2,5	0,1	0,0
2015-04-06 18:00:00	1,1	0,4	0,0
2015-04-06 19:00:00	1,2	0,0	0,0
2015-04-06 20:00:00	0,8	0,0	0,0
2015-04-06 21:00:00	0,8	0,1	0,0
2015-04-06 22:00:00	0,7	0,0	0,0
2015-04-06 23:00:00	0,1	0,0	0,0
2015-04-07 00:00:00	-0,2	0,0	0,0
2015-04-07 01:00:00	-0,6	0,0	0,0
2015-04-07 02:00:00	-1,4	0,0	0,0
2015-04-07 03:00:00	-1,6	0,0	0,0
2015-04-07 04:00:00	-1,9	0,0	0,0
2015-04-07 05:00:00	-3,1	0,0	0,0
2015-04-07 06:00:00	-3,3	0,0	0,0
2015-04-07 07:00:00	-1,9	0,0	0,0
2015-04-07 08:00:00	0,7	0,0	0,0
2015-04-07 09:00:00	3,0	0,0	0,0
2015-04-07 10:00:00	3,8	0,0	0,0
2015-04-07 11:00:00	5,2	0,0	0,0
2015-04-07 12:00:01	7,4	0,0	0,0
2015-04-07 13:00:01	7,3	0,0	0,0
2015-04-07 14:00:02	9,0	0,0	0,0
2015-04-07 15:00:02	9,9	0,0	0,0
2015-04-07 16:00:03	9,8	0,0	0,0
2015-04-07 17:00:03	9,3	0,0	0,0
2015-04-07 18:00:04	8,6	0,0	0,0
2015-04-07 19:00:04	7,8	0,0	0,0
2015-04-07 20:00:05	5,8	0,0	0,0
2015-04-07 21:00:05	4,3	0,0	0,0
2015-04-07 22:00:06	2,7	0,0	0,0
2015-04-07 23:00:06	2,6	0,0	0,0
2015-04-08 00:00:07	2,6	0,0	0,0
2015-04-08 01:00:07	2,3	0,0	0,0
2015-04-08 02:00:08	2,6	0,0	0,0
2015-04-08 03:00:08	2,4	0,0	0,0
2015-04-08 04:00:09	2,9	0,0	0,0
2015-04-08 05:00:09	2,9	0,0	0,0
2015-04-08 06:00:10	5,6	0,0	0,0
2015-04-08 07:00:10	5,9	0,0	0,0
2015-04-08 08:00:11	6,8	0,0	0,0
2015-04-08 09:00:11	7,7	0,0	0,0
2015-04-08 10:00:12	9,0	0,0	0,0
2015-04-08 11:00:12	10,2	0,0	0,0
2015-04-08 12:00:13	9,3	0,0	0,0
2015-04-08 13:00:13	9,0	0,0	0,0
2015-04-08 14:00:14	9,1	0,0	0,0
2015-04-08 15:00:14	9,1	0,0	0,0
2015-04-08 16:00:15	8,9	0,0	0,0
2015-04-08 17:00:15	8,8	0,0	0,0
2015-04-08 18:00:16	8,5	0,0	0,0
2015-04-08 19:00:16	8,1	0,0	0,0
2015-04-08 20:00:16	7,9	0,0	0,0
2015-04-08 21:00:17	7,6	0,0	0,0
2015-04-08 22:00:17	7,1	0,0	0,0
2015-04-08 23:00:18	6,8	0,0	0,0
2015-04-09 00:00:18	6,6	0,0	0,0
2015-04-09 01:00:19	6,4	0,0	0,0
2015-04-09 02:00:19	6,1	0,0	0,0
2015-04-09 03:00:20	6,1	0,0	0,0
2015-04-09 04:00:20	6,1	0,0	0,0
2015-04-09 05:00:21	5,8	0,0	0,0
2015-04-09 06:00:21	5,8	0,0	0,0
2015-04-09 07:00:22	5,8	0,0	0,0
2015-04-09 08:00:22	6,4	0,0	0,0
2015-04-09 09:00:23	7,9	0,0	0,0
2015-04-09 10:00:23	9,7	0,0	0,0
2015-04-09 11:00:24	12,3	0,0	0,0
2015-04-09 12:00:24	13,6	0,0	0,0
2015-04-09 13:00:25	15,0	0,0	0,0
2015-04-09 14:00:25	16,2	0,0	0,0
2015-04-09 15:00:26	16,7	0,0	0,0
2015-04-09 16:00:26	16,2	0,0	0,0
2015-04-09 17:00:27	15,5	0,0	0,0
2015-04-09 18:00:27	14,2	0,0	0,0
2015-04-09 19:00:28	12,0	0,0	0,0
2015-04-09 20:00:28	10,4	0,0	0,0
2015-04-09 21:00:29	9,1	0,0	0,0
2015-04-09 22:00:29	8,5	0,0	0,0
2015-04-09 23:00:30	7,1	0,0	0,0
2015-04-10 00:00:30	5,0	0,0	0,0
2015-04-10 01:00:31	3,8	0,0	0,0
2015-04-10 02:00:31	3,2	0,0	0,0
2015-04-10 03:00:32	2,9	0,0	0,0
2015-04-10 04:00:32	2,5	0,0	0,0
2015-04-10 05:00:32	2,0	0,0	0,0
2015-04-10 06:00:33	1,7	0,0	0,0
2015-04-10 07:00:33	3,5	0,0	0,0
2015-04-10 08:00:34	7,5	0,0	0,0
2015-04-10 09:00:34	10,2	0,0	0,0
2015-04-10 10:00:35	14,0	0,0	0,0
2015-04-10 11:00:35	16,4	0,0	0,0
2015-04-10 12:00:36	18,0	0,0	0,0
2015-04-10 13:00:36	18,6	0,0	0,0
2015-04-10 14:00:37	20,6	0,0	0,0
2015-04-10 15:00:37	20,1	0,0	0,0
2015-04-10 16:00:38	19,7	0,0	0,0
2015-04-10 17:00:38	19,6	0,0	0,0
2015-04-10 18:00:39	18,0	0,0	0,0
2015-04-10 19:00:39	15,9	0,0	0,0
2015-04-10 20:00:40	14,4	0,0	0,0
2015-04-10 21:00:40	11,7	0,0	0,0
2015-04-10 22:00:41	9,2	0,0	0,0
2015-04-10 23:00:41	7,6	0,0	0,0
2015-04-11 00:00:42	6,5	0,0	0,0
2015-04-11 01:00:42	5,7	0,0	0,0
2015-04-11 02:00:43	5,0	0,0	0,0
2015-04-11 03:00:43	4,1	0,0	0,0
2015-04-11 04:00:44	3,5	0,0	0,0
2015-04-11 05:00:44	3,0	0,0	0,0
2015-04-11 06:00:45	3,3	0,0	0,0
2015-04-11 07:00:45	5,2	0,0	0,0
2015-04-11 08:00:46	9,3	0,0	0,0
2015-04-11 09:00:46	12,7	0,0	0,0
2015-04-11 10:00:47	17,1	0,0	0,0
2015-04-11 11:00:47	19,3	0,0	0,0
2015-04-11 12:00:48	20,0	0,0	0,0
2015-04-11 13:00:48	21,5	0,0	0,0
2015-04-11 14:00:48	12,2	5,9	0,6
2015-04-11 15:00:49	14,9	0,0	0,7
2015-04-11 16:00:49	14,0	0,0	0,0
2015-04-11 17:00:50	13,3	0,7	0,0
2015-04-11 18:00:50	12,4	0,0	0,0
2015-04-11 19:00:51	11,5	0,0	0,0
2015-04-11 20:00:51	11,1	0,0	0,0
2015-04-11 21:00:52	10,8	0,0	0,0
2015-04-11 22:00:52	11,0	0,0	0,0
2015-04-11 23:00:53	11,8	0,0	0,0
2015-04-12 00:00:53	11,5	0,0	0,0
2015-04-12 01:00:54	8,6	0,0	0,0
2015-04-12 02:00:54	7,1	0,0	0,0
2015-04-12 03:00:55	7,4	0,0	0,0
2015-04-12 04:00:55	7,6	0,0	0,0
2015-04-12 05:00:56	7,3	0,0	0,0
2015-04-12 06:00:56	6,2	0,0	0,0
2015-04-12 07:00:57	8,1	0,0	0,0
2015-04-12 08:00:57	12,3	0,0	0,0
2015-04-12 09:00:58	12,9	0,0	0,0
2015-04-12 10:00:58	14,8	0,0	0,0
2015-04-12 11:00:59	15,2	0,0	0,0
2015-04-12 12:00:59	14,5	0,0	0,0
2015-04-12 13:00:00	14,8	0,0	0,0
2015-04-12 14:00:00	14,6	0,0	0,0
2015-04-12 15:00:00	16,0	0,0	0,0
2015-04-12 16:00:00	16,3	0,0	0,0
2015-04-12 17:00:00	16,1	0,0	0,0
2015-04-12 18:00:00	15,7	0,0	0,0
2015-04-12 19:00:00	12,8	0,0	0,0
2015-04-12 20:00:00	10,7	0,0	0,0
2015-04-12 21:00:00	8,7	0,0	0,0
2015-04-12 22:00:00	7,9	0,0	0,0
2015-04-12 23:00:00	7,5	0,0	0,0
2015-04-13 00:00:00	7,3	0,0	0,0
2015-04-13 01:00:00	7,0	0,0	0,0
2015-04-13 02:00:00	6,5	0,0	0,0
2015-04-13 03:00:00	5,6	0,0	0,0
2015-04-13 04:00:00	5,4	0,0	0,0
2015-04-13 05:00:00	5,6	0,0	0,0
2015-04-13 06:00:00	6,0	0,0	0,0
2015-04-13 07:00:00	9,0	0,0	0,0
2015-04-13 08:00:00	11,4	0,0	0,0
2015-04-13 09:00:00	14,4	0,0	0,0
2015-04-13 10:00:00	16,3	0,0	0,0
2015-04-13 11:00:00	15,1	0,0	0,0
2015-04-13 12:00:00	15,8	0,0	0,0
2015-04-13 13:00:00	15,7	0,0	0,0
2015-04-13 14:00:00	13,5	0,0	0,0
2015-04-13 15:00:00	11,8	0,0	0,0
2015-04-13 16:00:00	12,7	0,0	0,0
2015-04-13 17:00:00	12,9	0,0	0,0
2015-04-13 18:00:00	12,0	0,0	0,0
2015-04-13 19:00:00	10,9	0,0	0,0
2015-04-13 20:00:00	10,6	0,0	0,0
2015-04-13 21:00:00	10,4	0,0	0,0
2015-04-13 22:00:00	9,2	0,0	0,0
2015-04-13 23:00:00	8,4	0,0	0,0
2015-04-14 00:00:00	6,5	0,0	0,0
2015-04-14 01:00:00	4,7	0,0	0,0
2015-04-14 02:00:00	2,8	0,0	0,0
2015-04-14 03:00:00	1,8	0,0	0,0
2015-04-14 04:00:00	1,8	0,0	0,0
2015-04-14 05:00:00	1,5	0,0	0,0
2015-04-14 06:00:00	1,2	0,0	0,0
2015-04-14 07:00:00	2,6	0,0	0,0
2015-04-14 08:00:00	5,0	0,0	0,0
2015-04-14 09:00:00	7,1	0,0	0,0
2015-04-14 10:00:00	10,8	0,0	0,0
2015-04-14 11:00:00	12,6	0,0	0,0
2015-04-14 12:00:00	13,5	0,0	0,0
2015-04-14 13:00:00	14,9	0,0	0,0
2015-04-14 14:00:00	16,1	0,0	0,0
2015-04-14 15:00:00	17,4	0,0	0,0
2015-04-14 16:00:00	16,1	0,0	0,0
2015-04-14 17:00:00	15,6	0,0	0,0
2015-04-14 18:00:00	14,9	0,0	0,0
2015-04-14 19:00:00	14,3	0,0	0,0
2015-04-14 20:00:00	13,2	0,0	0,0
2015-04-14 21:00:00	11,3	0,0	0,0
2015-04-14 22:00:00	9,9	0,0	0,0
2015-04-14 23:00:00	9,6	0,0	0,0
2015-04-15 00:00:00	10,2	0,0	0,0
2015-04-15 01:00:00	10,5	0,0	0,0
2015-04-15 02:00:00	9,4	0,0	0,0
2015-04-15 03:00:00	8,1	0,0	0,0
2015-04-15 04:00:00	8,2	0,0	0,0
2015-04-15 05:00:00	9,7	0,0	0,0
2015-04-15 06:00:00	10,3	0,0	0,0
2015-04-15 07:00:00	12,5	0,0	0,0
2015-04-15 08:00:00	16,5	0,0	0,0
2015-04-15 09:00:00	18,1	0,0	0,0
2015-04-15 10:00:00	19,7	0,0	0,0
2015-04-15 11:00:00	20,3	0,0	0,0
2015-04-15 12:00:00	21,5	0,0	0,0
2015-04-15 13:00:00	21,9	0,0	0,0
2015-04-15 14:00:00	23,0	0,0	0,0
2015-04-15 15:00:00	22,8	0,0	0,0
2015-04-15 16:00:00	22,6	0,0	0,0
2015-04-15 17:00:00	22,2	0,0	0,0
2015-04-15 18:00:00	20,9	0,0	0,0
2015-04-15 19:00:00	18,3	0,0	0,0
2015-04-15 20:00:00	15,0	0,0	0,0
2015-04-15 21:00:00	12,4	0,0	0,0
2015-04-15 22:00:00	11,9	0,0	0,0
2015-04-15 23:00:00	10,8	0,0	0,0
2015-04-16 00:00:00	10,5	0,0	0,0
2015-04-16 01:00:00	10,3	0,0	0,0
2015-04-16 02:00:00	11,0	0,0	0,0
2015-04-16 03:00:00	11,5	0,0	0,0
2015-04-16 04:00:00	11,7	0,0	0,0
2015-04-16 05:00:00	11,4	0,0	0,0
2015-04-16 06:00:00	11,1	0,0	0,0
2015-04-16 07:00:00	14,1	0,0	0,0
2015-04-16 08:00:00	17,9	0,0	0,0
2015-04-16 09:00:00	21,3	0,0	0,0
2015-04-16 10:00:00	22,4	0,0	0,0
2015-04-16 11:00:00	22,7	0,0	0,0
2015-04-16 12:00:00	23,4	0,0	0,0
2015-04-16 13:00:00	22,5	0,0	0,0
2015-04-16 14:00:00	22,9	0,0	0,0
2015-04-16 15:00:00	21,6	0,0	0,0
2015-04-16 16:00:00	21,7	0,0	0,0
2015-04-16 17:00:00	20,8	0,0	0,0
2015-04-16 18:00:00	19,4	0,0	0,0
2015-04-16 19:00:01	18,0	0,0	0,0
2015-04-16 20:00:01	16,5	0,0	0,0
2015-04-16 21:00:01	15,2	0,0	0,0
2015-04-16 22:00:01	14,8	0,0	0,0
2015-04-16 23:00:01	14,8	0,0	0,0
2015-04-17 00:00:01	13,8	0,0	0,0
2015-04-17 01:00:01	12,8	0,0	0,0
2015-04-17 02:00:01	11,7	0,0	0,0
2015-04-17 03:00:01	10,8	0,0	0,0
2015-04-17 04:00:01	10,3	0,0	0,0
2015-04-17 05:00:01	10,4	0,0	0,0
2015-04-17 06:00:01	9,8	0,7	0,0
2015-04-17 07:00:01	9,3	0,3	0,0
2015-04-17 08:00:01	9,8	0,2	0,0
2015-04-17 09:00:01	10,1	0,0	0,0
2015-04-17 10:00:01	11,4	0,0	0,0
2015-04-17 11:00:01	12,8	0,0	0,0
2015-04-17 12:00:01	12,6	0,2	0,4
2015-04-17 13:00:01	11,6	1,3	0,2
2015-04-17 14:00:01	10,8	0,0	0,8
2015-04-17 15:00:01	9,6	0,2	1,6
2015-04-17 16:00:01	8,4	0,5	0,0
2015-04-17 17:00:01	8,5	0,0	0,0
2015-04-17 18:00:01	8,3	0,0	0,0
2015-04-17 19:00:01	7,7	0,0	0,0
2015-04-17 20:00:01	7,6	0,0	0,0
2015-04-17 21:00:01	7,8	0,0	0,0
2015-04-17 22:00:01	7,0	0,0	0,0
2015-04-17 23:00:01	6,6	0,0	0,0
2015-04-18 00:00:01	6,3	0,0	0,0
2015-04-18 01:00:01	5,9	0,0	0,0
2015-04-18 02:00:01	4,8	0,0	0,0
2015-04-18 03:00:01	3,7	0,0	0,0
2015-04-18 04:00:01	2,5	0,0	0,0
2015-04-18 05:00:01	2,3	0,0	0,0
2015-04-18 06:00:01	2,9	0,0	0,0
2015-04-18 07:00:01	4,5	0,0	0,0
2015-04-18 08:00:01	5,2	0,0	0,0
2015-04-18 09:00:01	5,2	0,0	0,0
2015-04-18 10:00:01	6,4	0,0	0,0
2015-04-18 11:00:01	7,4	0,0	0,0
2015-04-18 12:00:01	8,1	0,0	0,0
2015-04-18 13:00:01	6,0	0,0	0,2
2015-04-18 14:00:01	9,5	0,0	0,0
2015-04-18 15:00:01	8,6	0,1	0,0
2015-04-18 16:00:01	9,6	0,0	0,0
2015-04-18 17:00:01	8,7	0,0	0,0
2015-04-18 18:00:01	7,3	0,0	0,0
2015-04-18 19:00:01	6,4	0,0	0,0
2015-04-18 20:00:01	6,0	0,0	0,0
2015-04-18 21:00:01	4,5	0,0	0,0
2015-04-18 22:00:01	3,0	0,0	0,0
2015-04-18 23:00:01	1,8	0,0	0,0
2015-04-19 00:00:01	1,0	0,0	0,0
2015-04-19 01:00:01	1,2	0,0	0,0
2015-04-19 02:00:01	1,4	0,0	0,0
2015-04-19 03:00:01	1,5	0,0	0,0
2015-04-19 04:00:01	1,3	0,0	0,0
2015-04-19 05:00:01	0,9	0,0	0,0
2015-04-19 06:00:01	1,1	0,0	0,0
2015-04-19 07:00:01	2,5	0,0	0,0
2015-04-19 08:00:01	4,9	0,0	0,0
2015-04-19 09:00:01	8,0	0,0	0,0
2015-04-19 10:00:01	9,5	0,0	0,0
2015-04-19 11:00:01	10,2	0,0	0,0
2015-04-19 12:00:01	11,6	0,0	0,0
2015-04-19 13:00:01	11,9	0,0	0,0
2015-04-19 14:00:01	13,0	0,0	0,0
2015-04-19 15:00:01	13,6	0,0	0,0
2015-04-19 16:00:01	14,0	0,0	0,0
2015-04-19 17:00:01	13,9	0,0	0,0
2015-04-19 18:00:01	12,7	0,0	0,0
2015-04-19 19:00:01	11,4	0,0	0,0
2015-04-19 20:00:01	8,7	0,0	0,0
2015-04-19 21:00:01	6,2	0,0	0,0
2015-04-19 22:00:01	4,7	0,0	0,0
2015-04-19 23:00:01	3,7	0,0	0,0
2015-04-20 00:00:01	2,6	0,0	0,0
2015-04-20 01:00:01	1,5	0,0	0,0
2015-04-20 02:00:01	0,7	0,0	0,0
2015-04-20 03:00:01	0,3	0,0	0,0
2015-04-20 04:00:01	-0,5	0,0	0,0
2015-04-20 05:00:01	-0,7	0,0	0,0
2015-04-20 06:00:01	0,0	0,0	0,0
2015-04-20 07:00:01	2,4	0,0	0,0
2015-04-20 08:00:01	5,1	0,0	0,0
2015-04-20 09:00:01	10,4	0,0	0,0
2015-04-20 10:00:01	12,5	0,0	0,0
2015-04-20 11:00:01	13,8	0,0	0,0
2015-04-20 12:00:01	14,8	0,0	0,0
2015-04-20 13:00:01	16,0	0,0	0,0
2015-04-20 14:00:01	16,6	0,0	0,0
2015-04-20 15:00:01	17,4	0,0	0,0
2015-04-20 16:00:01	17,2	0,0	0,0
2015-04-20 17:00:01	16,8	0,0	0,0
2015-04-20 18:00:01	15,7	0,0	0,0
2015-04-20 19:00:01	14,0	0,0	0,0
2015-04-20 20:00:01	12,0	0,0	0,0
2015-04-20 21:00:01	10,9	0,0	0,0
2015-04-20 22:00:01	10,7	0,0	0,0
2015-04-20 23:00:01	9,6	0,0	0,0
2015-04-21 00:00:01	7,8	0,0	0,0
2015-04-21 01:00:01	6,5	0,0	0,0
2015-04-21 02:00:01	4,9	0,0	0,0
2015-04-21 03:00:01	5,3	0,0	0,0
2015-04-21 04:00:01	4,4	0,0	0,0
2015-04-21 05:00:01	2,6	0,0	0,0
2015-04-21 06:00:01	2,9	0,0	0,0
2015-04-21 07:00:01	5,7	0,0	0,0
2015-04-21 08:00:01	10,0	0,0	0,0
2015-04-21 09:00:01	11,7	0,0	0,0
2015-04-21 10:00:01	14,5	0,0	0,0
2015-04-21 11:00:01	16,4	0,0	0,0
2015-04-21 12:00:01	17,3	0,0	0,0
2015-04-21 13:00:01	18,0	0,0	0,0
2015-04-21 14:00:01	19,0	0,0	0,0
2015-04-21 15:00:01	20,2	0,0	0,0
2015-04-21 16:00:01	20,5	0,0	0,0
2015-04-21 17:00:01	20,4	0,0	0,0
2015-04-21 18:00:01	18,7	0,0	0,0
2015-04-21 19:00:01	16,6	0,0	0,0
2015-04-21 20:00:01	13,7	0,0	0,0
2015-04-21 21:00:01	11,8	0,0	0,0
2015-04-21 22:00:01	11,1	0,0	0,0
2015-04-21 23:00:01	8,7	0,0	0,0
2015-04-22 00:00:01	6,9	0,0	0,0
2015-04-22 01:00:01	5,6	0,0	0,0
2015-04-22 02:00:01	4,9	0,0	0,0
2015-04-22 03:00:01	4,0	0,0	0,0
2015-04-22 04:00:01	3,1	0,0	0,0
2015-04-22 05:00:01	2,3	0,0	0,0
2015-04-22 06:00:01	3,1	0,0	0,0
2015-04-22 07:00:01	6,5	0,0	0,0
2015-04-22 08:00:01	11,1	0,0	0,0
2015-04-22 09:00:01	13,7	0,0	0,0
2015-04-22 10:00:01	14,5	0,0	0,0
2015-04-22 11:00:01	14,8	0,0	0,0
2015-04-22 12:00:01	14,8	0,0	0,0
2015-04-22 13:00:01	16,0	0,0	0,0
2015-04-22 14:00:01	17,5	0,0	0,0
2015-04-22 15:00:01	18,0	0,0	0,0
2015-04-22 16:00:01	18,6	0,0	0,0
2015-04-22 17:00:01	18,2	0,0	0,0
2015-04-22 18:00:01	16,6	0,0	0,0
2015-04-22 19:00:01	13,7	0,0	0,0
2015-04-22 20:00:01	12,2	0,0	0,0
2015-04-22 21:00:01	10,9	0,0	0,0
2015-04-22 22:00:01	8,7	0,4	0,3
2015-04-22 23:00:01	7,3	1,2	0,5
2015-04-23 00:00:01	6,6	0,0	0,1
2015-04-23 01:00:01	7,2	0,0	0,0
2015-04-23 02:00:01	7,5	0,0	0,0
2015-04-23 03:00:01	7,4	0,0	0,7
2015-04-23 04:00:01	6,9	0,5	0,3
2015-04-23 05:00:01	6,6	0,1	0,0
2015-04-23 06:00:01	6,8	0,0	0,0
2015-04-23 07:00:01	7,5	0,0	0,0
2015-04-23 08:00:01	8,9	0,0	0,0
2015-04-23 09:00:01	9,5	0,0	0,0
2015-04-23 10:00:01	11,1	0,0	0,0
2015-04-23 11:00:01	13,2	0,1	0,0
2015-04-23 12:00:01	14,7	0,0	0,0
2015-04-23 13:00:01	15,0	0,0	0,0
2015-04-23 14:00:01	14,5	0,0	0,0
2015-04-23 15:00:01	15,4	0,0	0,0
2015-04-23 16:00:01	13,8	0,0	0,0
2015-04-23 17:00:01	10,2	0,0	0,0
2015-04-23 18:00:01	8,9	0,0	0,0
2015-04-23 19:00:01	7,9	0,0	0,0
2015-04-23 20:00:01	7,9	0,0	0,0
2015-04-23 21:00:01	7,7	0,0	0,0
2015-04-23 22:00:01	7,3	0,0	0,0
2015-04-23 23:00:01	6,9	0,0	0,0
2015-04-24 00:00:01	6,9	0,0	0,0
2015-04-24 01:00:01	7,0	0,0	0,0
2015-04-24 02:00:01	5,4	0,0	0,0
2015-04-24 03:00:01	5,5	0,0	0,0
2015-04-24 04:00:01	5,6	0,0	0,0
2015-04-24 05:00:01	4,7	0,0	0,0
2015-04-24 06:00:01	4,3	0,0	0,0
2015-04-24 07:00:01	6,6	0,0	0,0
2015-04-24 08:00:01	9,9	0,0	0,0
2015-04-24 09:00:01	13,3	0,0	0,0
2015-04-24 10:00:01	14,5	0,0	0,0
2015-04-24 11:00:01	15,9	0,0	0,0
2015-04-24 12:00:01	16,9	0,0	0,0
2015-04-24 13:00:01	16,0	0,0	0,0
2015-04-24 14:00:01	18,4	0,0	0,0
2015-04-24 15:00:01	18,1	0,0	0,0
2015-04-24 16:00:01	18,7	0,0	0,0
2015-04-24 17:00:01	18,7	0,0	0,0
2015-04-24 18:00:01	17,1	0,0	0,0
2015-04-24 19:00:01	14,7	0,0	0,0
2015-04-24 20:00:01	12,4	0,0	0,0
2015-04-24 21:00:01	10,5	0,0	0,0
2015-04-24 22:00:01	9,2	0,0	0,0
2015-04-24 23:00:01	7,5	0,0	0,0
2015-04-25 00:00:01	6,7	0,0	0,0
2015-04-25 01:00:01	5,4	0,0	0,0
2015-04-25 02:00:01	4,8	0,0	0,0
2015-04-25 03:00:01	4,1	0,0	0,0
2015-04-25 04:00:02	3,7	0,0	0,0
2015-04-25 05:00:02	3,4	0,0	0,0
2015-04-25 06:00:02	4,4	0,0	0,0
2015-04-25 07:00:02	7,2	0,0	0,0
2015-04-25 08:00:02	10,8	0,0	0,0
2015-04-25 09:00:02	15,2	0,0	0,0
2015-04-25 10:00:02	17,9	0,0	0,0
2015-04-25 11:00:02	20,3	0,0	0,0
2015-04-25 12:00:02	21,6	0,0	0,0
2015-04-25 13:00:02	22,4	0,0	0,0
2015-04-25 14:00:02	23,1	0,0	0,0
2015-04-25 15:00:02	23,3	0,0	0,0
2015-04-25 16:00:02	23,2	0,0	0,0
2015-04-25 17:00:02	21,7	0,0	0,0
2015-04-25 18:00:02	19,9	0,0	0,0
2015-04-25 19:00:02	17,9	0,0	0,0
2015-04-25 20:00:02	16,7	0,0	0,0
2015-04-25 21:00:02	15,3	0,0	0,0
2015-04-25 22:00:02	15,1	0,0	0,0
2015-04-25 23:00:02	14,8	0,0	0,0
2015-04-26 00:00:02	14,1	0,0	0,0
2015-04-26 01:00:02	13,2	0,0	0,0
2015-04-26 02:00:02	12,2	0,1	0,4
2015-04-26 03:00:02	12,0	0,1	0,1
2015-04-26 04:00:02	11,7	0,1	0,0
2015-04-26 05:00:02	11,5	0,0	0,0
2015-04-26 06:00:02	12,0	0,2	0,6
2015-04-26 07:00:02	11,8	1,0	0,4
2015-04-26 08:00:02	13,0	0,2	0,1
2015-04-26 09:00:02	13,8	0,2	0,0
2015-04-26 10:00:02	15,7	0,0	0,0
2015-04-26 11:00:02	18,0	0,0	0,0
2015-04-26 12:00:02	18,4	0,0	0,0
2015-04-26 13:00:02	18,5	0,0	0,0
2015-04-26 14:00:02	20,0	0,0	0,0
2015-04-26 15:00:02	20,3	0,0	0,0
2015-04-26 16:00:02	20,5	0,0	0,0
2015-04-26 17:00:02	20,9	0,0	0,0
2015-04-26 18:00:02	19,2	0,0	0,0
2015-04-26 19:00:02	17,6	0,0	0,0
2015-04-26 20:00:02	14,7	0,0	0,0
2015-04-26 21:00:02	12,7	0,0	0,0
2015-04-26 22:00:02	11,8	0,0	0,0
2015-04-26 23:00:02	11,0	0,0	0,0
2015-04-27 00:00:02	10,2	0,0	0,0
2015-04-27 01:00:02	9,1	0,0	0,0
2015-04-27 02:00:02	7,9	0,0	0,0
2015-04-27 03:00:02	7,3	0,0	0,0
2015-04-27 04:00:02	6,6	0,0	0,0
2015-04-27 05:00:02	6,0	0,0	0,0
2015-04-27 06:00:02	6,8	0,0	0,0
2015-04-27 07:00:02	9,7	0,0	0,0
2015-04-27 08:00:02	13,6	0,0	0,0
2015-04-27 09:00:02	17,4	0,0	0,0
2015-04-27 10:00:02	18,6	0,0	0,0
2015-04-27 11:00:02	20,3	0,0	0,0
2015-04-27 12:00:02	21,6	0,0	0,0
2015-04-27 13:00:02	23,6	0,0	0,0
2015-04-27 14:00:02	23,7	0,0	0,0
2015-04-27 15:00:02	24,2	0,0	0,0
2015-04-27 16:00:02	21,1	0,0	0,0
2015-04-27 17:00:02	21,6	0,0	0,0
2015-04-27 18:00:02	20,3	0,0	0,0
2015-04-27 19:00:02	19,2	0,0	0,0
2015-04-27 20:00:02	17,0	0,0	0,0
2015-04-27 21:00:02	14,3	0,0	0,0
2015-04-27 22:00:02	13,1	0,0	0,0
2015-04-27 23:00:02	12,5	0,0	0,0
2015-04-28 00:00:02	13,6	0,0	0,0
2015-04-28 01:00:02	12,5	0,0	0,0
2015-04-28 02:00:02	11,1	0,0	0,0
2015-04-28 03:00:02	10,7	0,0	0,0
2015-04-28 04:00:02	9,9	0,0	0,0
2015-04-28 05:00:02	10,2	0,0	0,0
2015-04-28 06:00:02	10,7	2,1	0,0
2015-04-28 07:00:02	11,1	0,1	0,0
2015-04-28 08:00:02	10,7	0,0	1,8
2015-04-28 09:00:02	10,3	0,0	4,5
2015-04-28 10:00:02	9,9	0,0	0,2
2015-04-28 11:00:02	9,3	0,0	0,0
2015-04-28 12:00:02	8,1	0,4	0,0
2015-04-28 13:00:02	7,3	0,2	0,9
2015-04-28 14:00:02	7,3	0,0	0,0
2015-04-28 15:00:02	7,6	0,0	0,0
2015-04-28 16:00:02	6,2	0,3	0,2
2015-04-28 17:00:02	5,4	0,9	0,1
2015-04-28 18:00:02	5,2	0,6	0,0
2015-04-28 19:00:02	5,2	0,0	0,0
2015-04-28 20:00:02	4,9	0,0	0,0
2015-04-28 21:00:02	4,9	0,0	0,0
2015-04-28 22:00:02	4,3	0,0	0,0
2015-04-28 23:00:02	3,3	0,0	0,0
2015-04-29 00:00:02	2,9	0,0	0,0
2015-04-29 01:00:02	2,2	0,0	0,0
2015-04-29 02:00:02	2,3	0,0	0,0
2015-04-29 03:00:02	1,4	0,0	0,0
2015-04-29 04:00:02	1,4	0,0	0,0
2015-04-29 05:00:02	2,0	0,0	0,0
2015-04-29 06:00:02	3,0	0,0	0,0
2015-04-29 07:00:02	4,5	0,0	0,0
2015-04-29 08:00:02	6,9	0,0	0,0
2015-04-29 09:00:02	9,1	0,0	0,0
2015-04-29 10:00:02	10,7	0,0	0,0
2015-04-29 11:00:02	11,7	0,0	0,0
2015-04-29 12:00:02	12,2	0,0	0,0
2015-04-29 13:00:02	13,4	0,0	0,0
2015-04-29 14:00:02	13,4	0,0	0,0
2015-04-29 15:00:02	13,1	0,0	0,0
2015-04-29 16:00:02	13,2	0,0	0,0
2015-04-29 17:00:02	13,6	0,0	0,0
2015-04-29 18:00:02	12,6	0,0	0,0
2015-04-29 19:00:02	11,6	0,0	0,0
2015-04-29 20:00:02	9,6	0,0	0,0
2015-04-29 21:00:02	7,3	0,0	0,0
2015-04-29 22:00:02	6,8	0,0	0,0
2015-04-29 23:00:02	5,2	0,0	0,0
2015-04-30 00:00:02	3,5	0,0	0,0
2015-04-30 01:00:02	2,8	0,0	0,0
2015-04-30 02:00:02	2,3	0,0	0,0
2015-04-30 03:00:02	2,0	0,0	0,0
2015-04-30 04:00:02	1,5	0,0	0,0
2015-04-30 05:00:02	1,1	0,0	0,0
2015-04-30 06:00:02	2,0	0,0	0,0
2015-04-30 07:00:02	4,4	0,0	0,0
2015-04-30 08:00:02	6,7	0,0	0,0
2015-04-30 09:00:02	9,3	0,0	0,0
2015-04-30 10:00:02	12,2	0,0	0,0
2015-04-30 11:00:02	14,4	0,0	0,0
2015-04-30 12:00:02	15,8	0,0	0,0
2015-04-30 13:00:02	15,5	0,0	0,0
2015-04-30 14:00:02	11,8	0,0	0,0
2015-04-30 15:00:02	12,0	0,0	0,1
2015-04-30 16:00:02	11,6	0,0	0,0
2015-04-30 17:00:02	12,0	0,0	0,0
2015-04-30 18:00:02	11,9	0,0	0,0
2015-04-30 19:00:02	10,2	0,0	0,0
2015-04-30 20:00:02	8,8	0,0	0,0
2015-04-30 21:00:02	7,6	0,0	0,0
2015-04-30 22:00:02	7,7	0,0	0,0
2015-04-30 23:00:02	7,5	0,0	0,0
2015-05-01 00:00:02	7,9	0,0	0,0
2015-05-01 01:00:02	8,5	0,0	0,1
2015-05-01 02:00:02	9,0	0,0	0,0
2015-05-01 03:00:02	8,6	0,0	0,0
2015-05-01 04:00:02	8,5	0,0	0,0
2015-05-01 05:00:02	8,5	0,0	0,2
2015-05-01 06:00:02	8,1	0,2	0,6
2015-05-01 07:00:02	8,3	0,2	0,4
2015-05-01 08:00:02	8,7	0,2	0,2
2015-05-01 09:00:02	9,1	0,4	0,1
2015-05-01 10:00:02	11,1	0,0	0,0
2015-05-01 11:00:02	11,5	0,0	0,0
2015-05-01 12:00:02	12,0	0,0	0,0
2015-05-01 13:00:02	11,8	0,0	0,0
2015-05-01 14:00:02	11,8	0,0	0,0
2015-05-01 15:00:02	11,5	0,0	0,0
2015-05-01 16:00:02	11,4	0,1	0,1
2015-05-01 17:00:02	10,9	0,2	0,1
2015-05-01 18:00:02	10,7	0,0	0,1
2015-05-01 19:00:02	10,3	0,1	0,0
2015-05-01 20:00:02	9,1	0,0	0,1
2015-05-01 21:00:02	8,6	0,0	0,0
2015-05-01 22:00:02	8,7	0,0	0,0
2015-05-01 23:00:02	8,2	0,2	0,0
2015-05-02 00:00:02	8,2	0,2	0,0
2015-05-02 01:00:02	8,4	0,4	0,8
2015-05-02 02:00:02	8,0	0,8	0,7
2015-05-02 03:00:02	7,7	1,2	0,6
2015-05-02 04:00:02	7,8	0,7	0,2
2015-05-02 05:00:02	7,8	0,3	0,2
2015-05-02 06:00:02	7,9	0,2	0,1
2015-05-02 07:00:02	8,3	0,0	0,0
2015-05-02 08:00:02	8,6	0,0	0,0
2015-05-02 09:00:02	8,3	0,0	0,0
2015-05-02 10:00:02	8,5	0,1	0,0
2015-05-02 11:00:02	9,2	0,0	0,0
2015-05-02 12:00:02	10,2	0,0	0,0
2015-05-02 13:00:02	11,1	0,0	0,0
2015-05-02 14:00:02	11,1	0,0	0,0
2015-05-02 15:00:02	11,6	0,0	0,0
2015-05-02 16:00:02	11,4	0,0	0,0
2015-05-02 17:00:02	10,8	0,0	0,0
2015-05-02 18:00:02	10,4	0,1	0,0
2015-05-02 19:00:02	10,3	0,0	0,0
2015-05-02 20:00:02	9,9	0,0	0,0
2015-05-02 21:00:02	9,5	0,0	0,0
2015-05-02 22:00:02	8,7	0,0	0,0
2015-05-02 23:00:02	8,1	0,0	0,0
2015-05-03 00:00:02	7,3	0,0	0,0
2015-05-03 01:00:02	7,2	0,0	0,0
2015-05-03 02:00:02	7,2	0,0	0,0
2015-05-03 03:00:02	7,4	0,0	0,0
2015-05-03 04:00:02	7,4	0,0	0,0
2015-05-03 05:00:02	7,7	0,0	0,0
2015-05-03 06:00:02	7,8	0,4	0,1
2015-05-03 07:00:02	8,8	0,2	0,2
2015-05-03 08:00:02	9,9	0,0	0,1
2015-05-03 09:00:02	10,5	0,0	0,0
2015-05-03 10:00:02	12,3	0,0	0,0
2015-05-03 11:00:02	15,3	0,0	0,0
2015-05-03 12:00:03	15,7	0,0	0,0
2015-05-03 13:00:03	15,6	0,0	0,0
2015-05-03 14:00:03	14,9	0,0	0,0
2015-05-03 15:00:03	14,7	0,0	0,0
2015-05-03 16:00:03	14,0	0,0	0,0
2015-05-03 17:00:03	14,0	0,0	0,0
2015-05-03 18:00:03	14,0	0,0	0,0
2015-05-03 19:00:03	13,4	0,0	0,0
2015-05-03 20:00:03	12,6	0,0	0,0
2015-05-03 21:00:03	12,2	0,0	0,0
2015-05-03 22:00:03	12,4	0,1	0,1
2015-05-03 23:00:03	12,9	0,0	0,0
2015-05-04 00:00:03	14,0	0,0	0,0
2015-05-04 01:00:03	14,1	0,0	0,1
2015-05-04 02:00:03	14,6	0,0	0,0
2015-05-04 03:00:03	14,7	0,0	0,0
2015-05-04 04:00:03	14,2	0,0	0,0
2015-05-04 05:00:03	13,9	0,0	0,0
2015-05-04 06:00:03	15,3	0,0	0,1
2015-05-04 07:00:03	15,8	0,0	0,0
2015-05-04 08:00:03	17,9	0,0	0,0
2015-05-04 09:00:03	19,6	0,0	0,0
2015-05-04 10:00:03	19,8	0,0	0,0
2015-05-04 11:00:03	20,3	0,0	0,0
2015-05-04 12:00:03	20,4	0,0	0,0
2015-05-04 13:00:03	22,4	0,0	0,0
2015-05-04 14:00:03	22,0	0,0	0,0
2015-05-04 15:00:03	23,1	0,0	0,0
2015-05-04 16:00:03	21,7	0,0	0,0
2015-05-04 17:00:03	20,0	0,0	0,0
2015-05-04 18:00:03	19,2	0,0	0,0
2015-05-04 19:00:03	18,3	0,0	0,0
2015-05-04 20:00:03	17,2	0,0	0,0
2015-05-04 21:00:03	16,6	0,0	0,0
2015-05-04 22:00:03	15,0	0,0	0,0
2015-05-04 23:00:03	13,8	0,0	0,0
2015-05-05 00:00:03	14,2	0,0	0,0
2015-05-05 01:00:03	13,2	0,0	0,0
2015-05-05 02:00:03	12,9	0,0	0,0
2015-05-05 03:00:03	13,0	0,0	0,0
2015-05-05 04:00:03	13,3	0,0	0,0
2015-05-05 05:00:03	13,1	0,0	0,0
2015-05-05 06:00:03	14,1	0,0	0,0
2015-05-05 07:00:03	15,5	0,0	0,0
2015-05-05 08:00:03	18,1	0,0	0,0
2015-05-05 09:00:03	20,7	0,0	0,0
2015-05-05 10:00:03	22,6	0,0	0,0
2015-05-05 11:00:03	23,9	0,0	0,0
2015-05-05 12:00:03	25,4	0,0	0,0
2015-05-05 13:00:03	25,8	0,0	0,0
2015-05-05 14:00:03	27,1	0,0	0,0
2015-05-05 15:00:03	27,2	0,0	0,0
2015-05-05 16:00:03	25,8	0,0	0,0
2015-05-05 17:00:03	24,7	0,0	0,0
2015-05-05 18:00:03	23,5	0,0	0,0
2015-05-05 19:00:03	22,4	0,0	0,0
2015-05-05 20:00:03	21,6	0,0	0,0
2015-05-05 21:00:03	20,0	0,0	0,0
2015-05-05 22:00:03	19,7	0,0	0,0
2015-05-05 23:00:03	19,2	0,0	0,0
2015-05-06 00:00:03	18,6	0,0	0,0
2015-05-06 01:00:03	16,4	0,0	0,3
2015-05-06 02:00:03	15,4	0,0	0,0
2015-05-06 03:00:03	15,2	0,0	0,0
2015-05-06 04:00:03	14,6	0,0	0,0
2015-05-06 05:00:03	14,0	0,1	0,0
2015-05-06 06:00:03	13,9	0,0	0,4
2015-05-06 07:00:03	13,8	0,2	0,6
2015-05-06 08:00:03	14,3	0,1	0,0
2015-05-06 09:00:03	14,4	0,0	0,2
2015-05-06 10:00:03	14,7	0,1	0,2
2015-05-06 11:00:03	14,0	1,6	1,4
2015-05-06 12:00:03	13,0	1,4	1,3
2015-05-06 13:00:03	13,6	0,7	1,4
2015-05-06 14:00:03	13,9	0,2	0,4
2015-05-06 15:00:03	14,6	0,1	0,1
2015-05-06 16:00:03	14,7	0,0	0,0
2015-05-06 17:00:03	13,9	0,0	0,0
2015-05-06 18:00:03	14,0	0,0	0,0
2015-05-06 19:00:03	13,7	0,0	0,0
2015-05-06 20:00:03	12,3	0,0	0,0
2015-05-06 21:00:03	11,2	0,0	0,0
2015-05-06 22:00:03	10,2	0,0	0,0
2015-05-06 23:00:03	9,0	0,0	0,0
2015-05-07 00:00:03	7,7	0,0	0,0
2015-05-07 01:00:03	7,4	0,0	0,0
2015-05-07 02:00:03	6,9	0,0	0,0
2015-05-07 03:00:03	7,8	0,0	0,0
2015-05-07 04:00:03	6,8	0,0	0,0
2015-05-07 05:00:03	6,3	0,0	0,0
2015-05-07 06:00:03	7,7	0,0	0,0
2015-05-07 07:00:03	11,0	0,0	0,0
2015-05-07 08:00:03	14,6	0,0	0,0
2015-05-07 09:00:03	17,3	0,0	0,0
2015-05-07 10:00:03	16,5	0,0	0,0
2015-05-07 11:00:03	16,1	0,0	0,0
2015-05-07 12:00:03	16,1	0,0	0,0
2015-05-07 13:00:03	15,9	0,0	0,0
2015-05-07 14:00:03	17,1	0,0	0,0
2015-05-07 15:00:03	17,9	0,0	0,0
2015-05-07 16:00:03	18,6	0,0	0,0
2015-05-07 17:00:03	18,0	0,0	0,0
2015-05-07 18:00:03	17,0	0,0	0,0
2015-05-07 19:00:03	14,8	0,0	0,0
2015-05-07 20:00:03	12,6	0,0	0,0
2015-05-07 21:00:03	10,6	0,0	0,0
2015-05-07 22:00:03	9,3	0,0	0,0
2015-05-07 23:00:03	7,6	0,0	0,0
2015-05-08 00:00:03	6,9	0,0	0,0
2015-05-08 01:00:03	6,0	0,0	0,0
2015-05-08 02:00:03	5,3	0,0	0,0
2015-05-08 03:00:03	4,9	0,0	0,0
2015-05-08 04:00:03	4,9	0,0	0,0
2015-05-08 05:00:03	4,5	0,0	0,0
2015-05-08 06:00:03	5,7	0,0	0,0
2015-05-08 07:00:03	7,7	0,0	0,0
2015-05-08 08:00:03	10,3	0,0	0,0
2015-05-08 09:00:03	15,0	0,0	0,0
2015-05-08 10:00:03	17,3	0,0	0,0
2015-05-08 11:00:03	18,6	0,0	0,0
2015-05-08 12:00:03	19,7	0,0	0,0
2015-05-08 13:00:03	20,0	0,0	0,0
2015-05-08 14:00:03	20,9	0,0	0,0
2015-05-08 15:00:03	21,6	0,0	0,0
2015-05-08 16:00:03	21,7	0,0	0,0
2015-05-08 17:00:03	21,4	0,0	0,0
2015-05-08 18:00:03	19,9	0,0	0,0
2015-05-08 19:00:03	18,8	0,0	0,0
2015-05-08 20:00:03	16,9	0,0	0,0
2015-05-08 21:00:03	15,0	0,0	0,0
2015-05-08 22:00:03	13,2	0,0	0,0
2015-05-08 23:00:03	11,5	0,0	0,0
2015-05-09 00:00:03	10,4	0,0	0,0
2015-05-09 01:00:03	9,6	0,0	0,0
2015-05-09 02:00:03	9,1	0,0	0,0
2015-05-09 03:00:03	8,5	0,0	0,0
2015-05-09 04:00:03	8,5	0,0	0,0
2015-05-09 05:00:03	8,7	0,0	0,0
2015-05-09 06:00:03	9,8	0,0	0,0
2015-05-09 07:00:03	11,4	0,0	0,0
2015-05-09 08:00:03	14,3	0,0	0,0
2015-05-09 09:00:03	14,4	0,0	0,0
2015-05-09 10:00:03	14,8	0,0	0,0
2015-05-09 11:00:03	14,8	0,2	0,0
2015-05-09 12:00:03	15,5	0,1	0,0
2015-05-09 13:00:03	16,9	0,0	0,0
2015-05-09 14:00:03	18,3	0,0	0,0
2015-05-09 15:00:03	18,6	0,0	0,0
2015-05-09 16:00:03	18,3	0,0	0,0
2015-05-09 17:00:03	16,5	0,0	0,0
2015-05-09 18:00:03	16,5	0,0	0,0
2015-05-09 19:00:03	15,7	0,0	2,6
2015-05-09 20:00:03	14,2	0,0	0,1
2015-05-09 21:00:03	13,1	0,0	0,0
2015-05-09 22:00:03	12,1	0,0	0,0
2015-05-09 23:00:03	11,7	0,0	0,0
2015-05-10 00:00:03	10,4	0,0	0,0
2015-05-10 01:00:03	9,9	0,0	0,0
2015-05-10 02:00:03	8,9	0,0	0,0
2015-05-10 03:00:03	9,2	0,0	0,0
2015-05-10 04:00:03	10,3	0,0	0,0
2015-05-10 05:00:03	10,3	0,0	0,0
2015-05-10 06:00:03	10,7	0,0	0,0
2015-05-10 07:00:03	14,4	0,0	0,0
2015-05-10 08:00:03	15,0	0,0	0,0
2015-05-10 09:00:03	15,2	0,0	0,0
2015-05-10 10:00:03	15,6	0,0	0,0
2015-05-10 11:00:03	17,2	0,0	0,0
2015-05-10 12:00:03	18,1	0,0	0,0
2015-05-10 13:00:03	19,2	0,0	0,0
2015-05-10 14:00:03	19,7	0,0	0,0
2015-05-10 15:00:03	20,0	0,0	0,0
2015-05-10 16:00:03	19,7	0,0	0,0
2015-05-10 17:00:03	19,0	0,0	0,0
2015-05-10 18:00:03	18,0	0,0	0,0
2015-05-10 19:00:03	16,1	0,0	0,0
2015-05-10 20:00:03	13,8	0,0	0,0
2015-05-10 21:00:03	11,5	0,0	0,0
2015-05-10 22:00:03	11,9	0,0	0,0
2015-05-10 23:00:03	9,4	0,0	0,0
2015-05-11 00:00:03	7,8	0,0	0,0
2015-05-11 01:00:03	6,5	0,0	0,0
2015-05-11 02:00:03	5,7	0,0	0,0
2015-05-11 03:00:03	4,8	0,0	0,0
2015-05-11 04:00:03	4,1	0,0	0,0
2015-05-11 05:00:03	3,9	0,0	0,0
2015-05-11 06:00:03	5,4	0,0	0,0
2015-05-11 07:00:03	8,4	0,0	0,0
2015-05-11 08:00:03	12,1	0,0	0,0
2015-05-11 09:00:03	14,8	0,0	0,0
2015-05-11 10:00:03	16,0	0,0	0,0
2015-05-11 11:00:03	17,6	0,0	0,0
2015-05-11 12:00:03	19,0	0,0	0,0
2015-05-11 13:00:03	20,4	0,0	0,0
2015-05-11 14:00:03	21,1	0,0	0,0
2015-05-11 15:00:03	21,4	0,0	0,0
2015-05-11 16:00:03	21,7	0,0	0,0
2015-05-11 17:00:03	21,3	0,0	0,0
2015-05-11 18:00:03	20,2	0,0	0,0
2015-05-11 19:00:04	18,3	0,0	0,0
2015-05-11 20:00:04	14,8	0,0	0,0
2015-05-11 21:00:04	13,6	0,0	0,0
2015-05-11 22:00:04	11,4	0,0	0,0
2015-05-11 23:00:04	10,9	0,0	0,0
2015-05-12 00:00:04	9,3	0,0	0,0
2015-05-12 01:00:04	8,5	0,0	0,0
2015-05-12 02:00:04	7,6	0,0	0,0
2015-05-12 03:00:04	7,7	0,0	0,0
2015-05-12 04:00:04	6,4	0,0	0,0
2015-05-12 05:00:04	6,3	0,0	0,0
2015-05-12 06:00:04	8,0	0,0	0,0
2015-05-12 07:00:04	11,1	0,0	0,0
2015-05-12 08:00:04	15,5	0,0	0,0
2015-05-12 09:00:04	19,6	0,0	0,0
2015-05-12 10:00:04	22,1	0,0	0,0
2015-05-12 11:00:04	24,1	0,0	0,0
2015-05-12 12:00:04	24,8	0,0	0,0
2015-05-12 13:00:04	26,5	0,0	0,0
2015-05-12 14:00:04	26,7	0,0	0,0
2015-05-12 15:00:04	26,5	0,0	0,0
2015-05-12 16:00:04	26,7	0,0	0,0
2015-05-12 17:00:04	25,8	0,0	0,0
2015-05-12 18:00:04	24,6	0,0	0,0
2015-05-12 19:00:04	22,7	0,0	0,0
2015-05-12 20:00:04	19,9	0,0	0,0
2015-05-12 21:00:04	18,9	0,0	0,0
2015-05-12 22:00:04	19,0	0,0	0,0
2015-05-12 23:00:04	18,8	0,0	0,0
2015-05-13 00:00:04	18,6	0,0	2,5
2015-05-13 01:00:04	16,4	0,0	0,0
2015-05-13 02:00:04	15,5	0,5	1,6
2015-05-13 03:00:04	15,0	0,0	0,0
2015-05-13 04:00:04	14,4	0,0	0,0
2015-05-13 05:00:04	13,9	0,0	0,0
2015-05-13 06:00:04	13,9	0,0	0,0
2015-05-13 07:00:04	12,4	0,0	0,0
2015-05-13 08:00:04	12,6	0,0	0,0
2015-05-13 09:00:04	14,4	0,0	0,0
2015-05-13 10:00:04	15,9	0,0	0,0
2015-05-13 11:00:04	17,7	0,0	0,0
2015-05-13 12:00:04	18,6	0,0	0,0
2015-05-13 13:00:04	19,9	0,0	0,0
2015-05-13 14:00:04	21,1	0,0	0,0
2015-05-13 15:00:04	21,5	0,0	0,0
2015-05-13 16:00:04	21,9	0,0	0,0
2015-05-13 17:00:04	21,5	0,0	0,0
2015-05-13 18:00:04	20,1	0,0	0,0
2015-05-13 19:00:04	18,9	0,0	0,0
2015-05-13 20:00:04	16,6	0,0	0,0
2015-05-13 21:00:04	14,8	0,0	0,0
2015-05-13 22:00:04	13,3	0,0	0,0
2015-05-13 23:00:04	12,0	0,0	0,0
2015-05-14 00:00:04	11,8	0,0	0,0
2015-05-14 01:00:04	12,5	0,0	0,0
2015-05-14 02:00:04	13,9	0,0	0,0
2015-05-14 03:00:04	13,1	0,0	0,0
2015-05-14 04:00:04	12,9	0,0	0,0
2015-05-14 05:00:04	13,1	0,0	0,0
2015-05-14 06:00:04	14,0	0,0	0,0
2015-05-14 07:00:04	13,4	0,0	0,0
2015-05-14 08:00:04	15,9	0,0	0,0
2015-05-14 09:00:04	16,3	0,0	0,0
2015-05-14 10:00:04	17,4	0,0	0,0
2015-05-14 11:00:04	19,3	0,0	0,0
2015-05-14 12:00:04	19,5	0,0	0,0
2015-05-14 13:00:04	20,2	0,0	0,0
2015-05-14 14:00:04	19,6	0,0	0,0
2015-05-14 15:00:04	19,4	0,0	0,0
2015-05-14 16:00:04	19,4	0,0	0,0
2015-05-14 17:00:04	18,5	0,0	0,0
2015-05-14 18:00:04	17,3	0,0	0,0
2015-05-14 19:00:04	16,4	0,0	0,0
2015-05-14 20:00:04	15,1	0,0	0,0
2015-05-14 21:00:04	13,7	0,0	0,0
2015-05-14 22:00:04	12,8	0,0	0,0
2015-05-14 23:00:04	12,5	0,0	0,0
2015-05-15 00:00:04	12,1	0,0	0,0
2015-05-15 01:00:04	11,9	0,0	0,0
2015-05-15 02:00:04	11,4	0,0	0,0
2015-05-15 03:00:04	10,3	0,0	0,0
2015-05-15 04:00:04	9,9	0,0	0,0
2015-05-15 05:00:04	9,8	0,0	0,0
2015-05-15 06:00:04	10,2	0,0	0,0
2015-05-15 07:00:04	11,0	0,0	0,0
2015-05-15 08:00:04	11,8	0,0	0,0
2015-05-15 09:00:04	13,0	0,0	0,0
2015-05-15 10:00:04	14,1	0,0	0,0
2015-05-15 11:00:04	15,3	0,0	0,0
2015-05-15 12:00:04	16,0	0,0	0,0
