id_nest	locality	habitat	latitude	longitude	n_eggs	STI	length	width	length:1	width:1	length:2	width:2	length:3	width:3	sum_vol	mean_vol
1	Dívèice SZZ	2	49.110152972862124	14.293296961113811	4	85	48,4	33,1	49,6	33,4	51,6	33,6	49,3	32,5	99.93984978	24.98496244
2	Dívèice SZ	0	49.110425971448421	14.294318966567516	4	85	45,2	34	44,6	34,2	47,6	33,1	46,1	34	95.90591946	23.97647987
3	Vyšatov SS	0	48.998664021492004	14.366142991930246	4	85	49,3	33,6	46,4	33,8	48,2	33,2	47,7	33,4	98.25825567	24.56456392
4	Vyšatov SS	0	48.998481966555119	14.366231001913548	4	83.5	45	32,8	45,9	33,3	45,8	33,4	47,5	33,9	93.68087512	23.42021878
5	Machovec J	6	49.001400964334607	14.362825015559793	4	86.5	42,3	33,4	43	34	41,9	33,7	45,2	33,6	89.34834009	22.33708502
6	Jaronice SS	14	49.004171015694737	14.355586990714073	2	88	44	31,9	44,3	31,7					40.80620042	20.40310021
7	Jaronice SS	14	49.004009999334812	14.354786016047001	1	89	45,3	32,8							22.27214726	22.27214726
8	Jaronice SS	14	49.003331987187266	14.35435501858592	4	85	45,9	33,5	47,4	33,5	45,3	33,4	46,9	33,9	95.57640509	23.89410127
9	Olší V	0	49.089325033128262	14.301191037520766	3	89	46,5	33	46,8	33,4	46,8	33,4			70.86009661	23.6200322
10	Olší V	0	49.088169001042843	14.304039040580392	2	88	45,7	33,2	46,6	32,3					45.23828467	22.61914234
11	Olší V	0	49.089027978479862	14.299531001597643	1	89	48,7	33,1							24.3837866	24.3837866
12	Olší V	0	49.087642030790448	14.302109023556113	1	89	45,9	33,4							23.40032123	23.40032123
13	Olší V	0	49.087820984423161	14.300949973985553	3	87	48,3	33,5	50,1	33,7	48,4	34,7			77.4069799	25.80232663
14	Olší V	0	49.087412031367421	14.299692017957568	1	89	46	33,3							23.31108558	23.31108558
15	Blata JZ	3	49.076150022447109	14.297035960480571	4	88.5	47,4	32,5	46,5	33	48,9	32,7	48,2	32,5	93.18425642	23.2960641
16	Blata JZ	3	49.075828995555639	14.297682959586382	4	89.5	44,6	33	45	33,9	44,4	33	45,9	33,7	91.7489748	22.9372437
17	Volešek SSS	3	49.07348801381886	14.313344964757562	4	86	44	33,6	43,4	32,8	45,3	33	44,3	33,8	89.71252202	22.4281305
18	Køenovice SS	0	48.990094028413296	14.35753402300179	4	86	47	34,5	47,9	34,4	47,8	33,4	49,1	33,6	101.1708419	25.29271047
19	Køenovice SS	0	48.990176003426313	14.356742016971111	3	88	48,6	33,5	49,3	34,4	48,7	34,1			77.46599917	25.82199972
20	Èakov S	6	48.984301965683699	14.31430502794683	4	88	47,2	33,7	46,2	34,5	46	34,7	46,2	34,5	100.0701163	25.01752906
21	Èakov S	0	48.985663019120693	14.30994400754571	4	79.75	48,7	33,4	46,2	33,7	46,1	32,6	47,3	33	94.7359108	23.6839777
22	Èakov S	0	48.985510971397161	14.309714008122683	4	88	46,5	33,55	47,6	33,4	48,05	33,45	48,2	33,35	97.25579778	24.31394944
23	Køenovice SS	13	48.991097006946802	14.35674000531435	4	91.5	44,3	33,3	46,4	32,9	45,2	33,7	44,8	32,9	91.0219728	22.7554932
24	pole u dubu	6	48.989956984296441	14.417642997577786	4	91	47,7	32,8	48,9	33,1	48,8	32,7	48,1	32,7	95.28774379	23.82193595
25	pole u dubu	6	48.990182038396597	14.417177969589829	4	91	44,9	33,4	46	33,1	44,8	33,2	45,9	32,8	91.05638718	22.7640968
26	SHR pastviny	14	48.994282968342304	14.423014037311077	4	88	50	34	50,8	33,6	47	33,6	48,9	34,3	103.1643906	25.79109765
27	SHR pastviny	14	48.994008963927627	14.422689992934465	3	93	46,1	32,7	42,9	33	45,4	32,4			65.65786316	21.88595439
28	SHR pastviny	14	48.994162017479539	14.422023966908455	4	90.25	48,5	33,2	48,8	32,6	47,8	33	50	32,8	96.5035603	24.12589007
29	Žabovøesky SV	3	49.005223028361797	14.343004999682307	4	82.25	42,8	34,1	41,3	33,4	45,1	33,4	43,8	33,7	89.52441442	22.3811036
30	Žabovøesky SV	3	49.00482296012342	14.34352601878345	4	93	47,5	33,7	47,5	33,3	48,9	33,5	51,7	33	99.53317188	24.88329297
31	Žabovøesky SV	3	49.004923962056637	14.344413997605443	4	92	47,05	32,9	46,2	33,6	48,05	32,95	45,85	33,25	94.11612843	23.52903211
32	Žabovøesky SV	3	49.005086990073323	14.344361023977399	4	87.5	51,95	33,05	48,9	33,8	47,7	33,9	50,35	33,55	102.414538	25.60363451
33	Žabovøesky SV	3	49.004785995930433	14.344616001471877	4	85.75	48,05	34,55	45	34,55	45,9	33,25	48,1	33,45	98.54681581	24.63670395
34	Žabovøesky SV	3	49.004721958190203	14.344701999798417	4	93	47,6	34,45	49,25	34,15	46,05	34,3	47,85	34,8	103.3066257	25.82665643
35	Žabovøesky SV	3	49.004497993737459	14.344779029488564	3	86	48,55	33,75	48,4	33,6	44,7	33,9			73.71996577	24.57332192
36	Žabovøesky SV	3	49.004963021725416	14.345010034739971	4	92.25	46,3	34	45,15	33,6	46,35	33,85	44,4	34,35	95.96669857	23.99167464
37	Žabovøesky SV	3	49.00486403144896	14.345359979197383	4	84.75	46,2	33,35	46,9	32,95	46,95	32,1	46,65	32,9	91.93757036	22.98439259
38	Žabovøesky SV	3	49.004760012030602	14.345541028305888	3										0	0
39	Žabovøesky SV	3	49.004695974290371	14.345734985545278	4	93	47	31,95	48,05	32,2	44,65	32,25	47,05	32	87.93405265	21.98351316
40	Dívèice SZ	9	49.108502995222807	14.295437028631568	4	92	46,2	33,1	46,7	33,8	46,4	33,8	50	33,2	96.92528812	24.23132203
41	Dívèice SZ	9	49.109406983479857	14.293739022687078	4	94	46,3	33,2	47,4	33,6	47,5	33	46,3	32,2	93.35578086	23.33894521
42	Dívèice SZZ	2	49.109505973756313	14.292982975021005	4	92	45,9	33,2	45,3	32,5	44,5	32,9	45,5	32,5	88.96307538	22.24076884
43	Husí pole	5	49.098026035353541	14.299511974677444	4	92	47,1	32,7	48,2	32,9	47,1	33,5	46,7	33,7	95.25270148	23.81317537
44	Blata støed	3	49.081823984161019	14.309240011498332	4	91.25	46,9	34,3	48,4	33,9	46,9	34,8	47,3	33,5	100.8504611	25.21261528
45	Olší V	3	49.089037030935287	14.301732005551457	4	92	46	33	43	33,1	44,6	33,6	44,7	33,7	90.63324037	22.65831009
46	Olší V	0	49.088713992387056	14.301617005839944	4	92	48,3	33,1	47,4	33,4	48,1	33,5	48,8	32,9	97.15698438	24.2892461
47	Olší V	0	49.08848600462079	14.301898973062634	2	95	47	34,9	49,8	34,9					53.88183918	26.94091959
48	Olší V	0	49.088014019653201	14.303179979324341	4	92	46,8	33,1	45,1	33,7	46,6	34,3	48,7	33,4	96.72239246	24.18059812
49	Olší V	0	49.088204959407449	14.300854001194239	4	92	46,3	34	45,3	34	45,4	33,3	45,1	32,8	93.57239063	23.39309766
50	Olší V	0	49.08762501552701	14.302600035443902	1		46,3	34,4							25.03883258	25.03883258
51	Olší V	0	49.087091004475951	14.299352969974279	3	94	47,6	31,9	44,7	32,8	4,4	33,3			46.3431818	15.44772727
52	Volešek SSS	3	49.07237003557384	14.314577020704746	4										0	0
53	Volešek SSS	3	49.072849983349442	14.313024021685123	4	93	49	34,4	48,9	34,2	48,3	35	48,4	34,7	106.3098498	26.57746246
54	Volešek SSS	3	49.073978019878268	14.313205992802978	4	93	49,5	32,9	49,9	33,2	48,7	33,1	45,5	33,9	97.90143418	24.47535855
55	Køenovice SS	0	48.989358013495803	14.355309968814254	4	93	46,05	34,4	45,65	34	47,05	33,65	45,2	34,95	98.59903628	24.64975907
56	Køenovice SS	0	48.989445017650723	14.35549596324563	4	91.25	47,15	33,65	46,85	33,85	47,45	32,85	48,15	33,75	97.39630248	24.34907562
57	Køenovice SS	0	48.989247037097812	14.353953022509813	4	94	44,8	34,55	44,4	34,3	45,05	34,35	47,1	33,35	96.54363388	24.13590847
58	Køenovice SS	0	48.990614963695407	14.356837989762425	4	93.5	46	33,8	47,65	34,6	47,15	35,25	47,95	35	103.703576	25.92589401
59	Køenovice SS	0	48.990810010582209	14.357151975855231	4	88.5	45	34,25	45,1	34,25	45,05	34,2	45,25	34,85	97.49745686	24.37436422
60	Dehtáø S	6	49.014653004705906	14.316785987466574	4	93	46,9	33,2	46,4	32,2	47,2	32,4	48,8	33,2	92.83608411	23.20902103
61	Dehtáø S	6	49.014786025509238	14.317084969952703	4	87.5	50,1	34,2	46,7	35,6	46,9	34,9	45,5	34,1	104.1124604	26.0281151
62	Dehtáø S	6	49.016095027327538	14.320594975724816	4	93	47,8	31,9	45,6	31,9	43,3	31,4	44,6	31,7	83.42760575	20.85690144
63	Dehtáø S	6	49.016485959291458	14.321451019495726	4	89.5	48,3	32,5	48,5	33,3	47,5	33,4	47,2	33,5	96.31610438	24.0790261
64	Køenovice SS	0	48.99081302806735	14.357412988319993	4	93	47,4	33,8	48,8	32,75	47,05	33,75	46,75	33,8	97.56706265	24.39176566
65	Machovec J	6	49.001231985166669	14.362537013366818	4	86.75	48,1	33,25	50	33,5	46,75	33,95	46	33,1	97.60253339	24.40063335
66	Jaronice S	14	49.003197960555553	14.354213029146194	4	93	46,75	33,3	46,6	33,3	46,25	33,65	46,9	33,85	95.79810968	23.94952742
67	Jaronice S	14	49.003443969413638	14.355124980211258	3	95	46,6	31,2	45,85	32,4	49,4	32,1			65.98899668	21.99633223
68	Žabovøesky SV	3	49.004945000633597	14.344076039269567	4	93	47,35	32,75	46,25	33,55	46,2	34,1	45,2	33,8	95.14971242	23.78742811
69	Jednoty	0	48.986111031845212	14.368735011667013	4	92.25	46,45	34,75	43,15	33,1	44,8	32,2	45,45	33,4	91.63740402	22.909351
70	Jednoty	0	48.986287973821163	14.369818959385157	4	89.5	48,06	34,3	49,25	33,85	47,9	34,3	46,3	34,3	102.2762461	25.56906152
71	Jednoty	0	48.986338013783097	14.370144009590149	4	91.5	48,5	33,25	48,1	34	47,85	33,55	49,35	33,55	99.91479852	24.97869963
72	Jednoty	0	48.986582010984421	14.370020041242242	4	87.5	46,2	32,5	45,7	32,6	44,6	33,6	46,45	33,35	91.11722354	22.77930588
73	Jednoty	0	48.986564995720983	14.371140031144023	4	82.25	45,6	33,6	42,35	30,9	44,35	32,15	42,75	32,6	83.71825381	20.92956345
74	Jednoty	0	48.985814983025193	14.371615033596754	4	90.75	47,05	34,05	47	34,65	50,45	34,05	47,25	34,1	102.5570946	25.63927365
75	Jednoty	0	48.987919008359313	14.37266000546515	4	93.5	49,85	33,45	47,9	34	48,9	32,5	47,9	34,15	99.92870418	24.98217604
76	Vyšatov SS	0	48.997387960553169	14.366305014118552	4	90.75	47,15	33,95	44,4	33,3	47,4	33,8	45,6	34,05	96.24435258	24.06108815
77	Bøehov SV	6	49.026604006066918	14.333610981702805	4	87	46,75	33,05	45	32,05	47,4	32,95	44,15	32,8	89.68619922	22.4215498
78	Jednoty	0	48.986348994076252	14.369375975802541	4	89.5	46,4	34,1	46,7	32,8	45,6	33,8	47,2	33,5	95.63254023	23.90813506
79	Jednoty	0	48.986114971339703	14.369633970782161	4	88	48,1	33,6	47,4	34,4	47,5	33,9	46,3	34,8	101.0211602	25.25529005
80	Jednoty	0	48.986572958528996	14.369762968271971	4	91	49,1	31,7	46,7	32,7	48,4	32,4	48,7	31,4	90.53196415	22.63299104
81	Jednoty	0	48.986424012109637	14.370557991787791	4	88.5	48,7	32,6	48,65	32,75	46,8	32,8	47,9	31,7	92.50599513	23.12649878
82	Jednoty	0	48.986583016812801	14.371144976466894	4										0	0
83	Branišov JZ	0	48.972820015624166	14.389800997450948	4	91	46,1	33,7	46,9	33,7	45,5	34,2	45,6	34,1	96.82090018	24.20522505
84	Branišov JZ	0	48.972610970959067	14.389172019436955	4	91	48,7	31,3	47,9	32	47,8	32	47,6	32,2	89.14300816	22.28575204
85	Žabovøesky SV	3	49.004797982051969	14.344226997345686	4	90.75	45,4	33,3	45,5	32,7	45,8	32,5	45	33,3	90.15357866	22.53839466
86	Branišov JZ	0	48.974943989887834	14.388415971770883	4	90.75	46,8	34,9	45,5	33,8	45,9	34,5	45,3	34,8	99.84374908	24.96093727
87	Branišov JZ	0	48.975238027051091	14.388733981177211	3	98	44,9	32,3	45,4	32,2	46,3	32			64.58664785	21.52888262
88	Branišov JZ	0	48.976220972836018	14.389328006654978	4	90.25	47,2	33,6	45,6	33,6	45,8	33,5	47,7	33	95.10710997	23.77677749
89	Branišov JZ	0	48.976572006940842	14.389352984726429	4	91	48	33,4	47,9	33,1	48,55	33,4	48,4	33,1	97.43905438	24.35976359
90	Branišov JZ	0	48.976979032158852	14.389243014156818	3	90	49,4	32,3	49,6	32,25	50	32,5			71.26372358	23.75457453
91	Branišov JZ	0	48.977033011615276	14.388680001720786	4	89	48	33,7	47,25	34,1	46	33,8	46,6	33,4	97.79490542	24.44872636
92	Branišov JZ	0	48.976808963343501	14.388304995372891	4	90.25	47,7	34	46	33,7	46,5	33,8	47,8	33,7	98.16011857	24.54002964
93	Branišov JZ	0	48.977270973846316	14.388011964038014	2	98	45,9	33,1	46,55	33,2					46.43018135	23.21509067
94	Branišov JZ	0	48.976536970585585	14.387939041480422	3	95.6666666666667	47,05	33,85	45,1	34,3	43,2	34,1			71.84224611	23.94741537
95	Branišov JZ	0	48.977426961064339	14.389436971396208	3	100,6666667	49,4	34,2	48,1	33,4	49	33,1			75.46145869	25.15381956
96	Pole U Bøehouše	0	49.076915038749576	14.316482981666923	4	100	47,1	32,2	48,75	32,55	47,85	32,2	49,6	31,45	91.01529232	22.75382308
97	Pole U Bøehouše	0	49.076077016070485	14.316333029419184	4	91.25	46,95	32,8	45,7	32,2	44,1	32,95	46,5	32,35	88.85773299	22.21443325
98	Dívèice SZZ	2	49.108648002147675	14.292812990024686	4	99.5	44,2	33,2	45	33,5	45,8	33,4	45,8	33	91.48642144	22.87160536
99	Tupesy SSV	0	49.026713976636529	14.3075199611485	4	88.25	49	32,5	50,1	32,9	49	32,1	46,9	33,1	94.99164983	23.74791246
100	Radošovice SV	0	49.025742011144757	14.283678978681564	4	92	45,2	34,4	45,5	34,2	45,6	33,8	44,4	33,2	94.93773388	23.73443347
101	Radošovice SV	0	49.024348016828299	14.284057002514601	3	101	47,5	31,2	46,9	31,3	47,3	31,3			63.30601549	21.10200516
102	Dívèice SZZ	2	49.110167976468801	14.292487017810345	2										0	0
103	Dívèice SZZ	2	49.110449021682143	14.292862024158239	4	93	45	34	46,5	33,2	46,1	33,5	46,5	33,7	94.97349779	23.74337445
104	Dívèice SZ	9	49.109059972688556	14.293646989390254	4	93	46,6	32,4	49	33,8	46,1	33,6	47,8	33,2	95.80114033	23.95028508
105	Dívèice SZ	9	49.108959976583719	14.293955024331808	4	95.25	46,1	33,6	44,4	34,4	45,9	32,1	44,1	33,5	92.02759079	23.0068977
106	Dívèice SZ	9	49.109442019835114	14.295166963711381	4	100	45,8	31,9	42,5	30,8	46,4	31,4	44,3	32	81.36221527	20.34055382
107	Nákøí SVV	0	49.120350982993841	14.338595028966665	4	101.5	49,1	34,2	49,4	33,6	49,3	34,7	50,7	34,5	106.4386178	26.60965446
108	Nákøí SVV	0			4	94.75	43,9	34,4	45,1	33,6	45,9	34,3	45,1	33,9	95.37400893	23.84350223
109	Vyšatov SS	0	48.997224010527134	14.365407982841134	4	96.25	48,2	33,1	47,3	33,8	48,3	34,1	47,6	33,7	99.20025012	24.80006253
110	Vyšatov SS	0	48.997803032398224	14.36610896140337	4	87.25	47	34,8	48,2	33,8	48,2	33,4	46,7	34,3	100.8583293	25.21458232
111	Vyšatov SS	0	48.99751896969974	14.367003981024027	2	103	45,4	33,5	47,1	33,9					48.02061904	24.01030952
112	Vyšatov SS	0	48.99839898571372	14.369084034115076	4	97.5	49,5	33,7	48,7	33,9	49,3	33,5	47,6	33,7	101.2570106	25.31425265
113	Dehtáøe SV	6	49.012243961915374	14.321617987006903	4	82.5	49,5	33,7	48,7	33,9	49,3	33,5	47,6	33,7	101.2570106	25.31425265
114	pole u bøehouše	0	49.076575990766287	14.315901026129723	4										0	0
115	Dívèice SZ	9	49.10833602771163	14.293630979955196	4	101	43,9	31,9	44,9	31	45,4	31,4	43,9	31,9	81.00674239	20.2516856
116	Žabovøesky SV	3	49.005107022821903	14.342422960326076	4	95.25	45,9	32,4	47	31,9	47,7	31,6	46,7	32,9	88.74552144	22.18638036
117	Žabovøesky SV	3	49.004589021205902	14.344179974868894	4	89.5	47,9	32,4	46	31,9	45,1	33,2	46,5	32,4	89.3976216	22.3494054
118	pole u dubu	6	48.98743998259306	14.419252993538976	4	91.5	46,3	34,1	47	33,9	46,7	33,9	47,2	33	97.30438516	24.32609629
119	Blata støed	3	49.08184602856636	14.310428984463215	4	89.5	48,3	33,2	46,1	34,1	45,6	33,8	45	34	96.40826163	24.10206541
120	husí pole	5	49.098172970116138	14.300789963454008	4	107	45,9	33,2	45,6	33,2	46,9	32,6	45,9	33,5	92.4098233	23.10245583
121	Dívèice SZ	9	49.109320985153317	14.294285019859672	3	109	45,2	32,7	48,1	32,6	45,3	31,6			66.12124242	22.04041414
122	pole u dubu	6	48.988434998318553	14.41911100409925	4	92.3333333333333	49,4	32,8	46,6	32,7	47,1	32,5	46,4	32,4	92.05517759	23.0137944
123	Èejkovice S	6	49.021705035120249	14.38499397598207	4	90	42,5	32,8	44,1	33	44,7	32,7	42,6	33	85.88710069	21.47177517
124	Èejkovice S	6	49.022107031196356	14.385080980136991	4	95	43,5	32,2	44,1	31,8	45,5	32,6	44	32,3	84.06906375	21.01726594
125	Èejkovice S	6	49.022522019222379	14.385652039200068	4	91.5	46,7	33,6	48,3	33,7	46,9	33,9	46,8	33,3	97.51020882	24.37755221
126	Vyšatov SS	9	48.997551994398236	14.368211980909109	3	108	46,4	33,8	46,7	33,6	46,2	33			71.31185574	23.77061858
127	Vyšatov SS	9	48.996504005044699	14.362070979550481	3	108	46,5	33,9	45,4	33,1	45,5	33,7			70.76775428	23.58925143
128	Dubné V	7	48.974723964929581	14.37055598013103	4	96	46,3	34,5	45,7	34,3	47,9	34,2	46,5	33,6	99.35022975	24.83755744
129	Dubné V	7	48.974640984088182	14.369528023526073	4	94,5	45,3	34,3	43,4	33,6	44,4	33,3	45,8	33,4	92.59698583	23.14924646
130	Dubné V	7	48.974617011845112	14.368047025054693	3	100	45,4	33,1	47,6	32,8	46,5	33,4			69.84066763	23.28022254
131	Dubné V	7	48.97433596663177	14.367707977071404	4	95,5	49,1	34,6	50,6	33,3	47,8	33,6	47,7	34,5	103.1127286	25.77818214
132	Bøehov Z	6	49.018887961283326	14.321050029247999	4	94,5	45,8	34,4	45,4	33,6	46	34,4	47,8	33,9	98.17249779	24.54312445
133	Køenovice SS	13	48.991208989173174	14.357504015788436	4	113	45,8	34,8	44,8	34,1	44,7	34	44,5	34,2	96.5557369	24.13893423
134	Vyšatov SS	9	48.996367966756225	14.360834984108806	3	113,67	48,2	33,9	48,1	33,9	48	33,5			75.19337381	25.06445794
135	Vyšatov SS	9	48.998278034850955	14.367286032065749	3	111,67	47,4	32,2	48,8	33,4	47,7	33,6			71.94867975	23.98289325
136	Branišov JZ	9	48.978091981261969	14.389216024428606	3	113	43,7	34	43	33,5	43,8	33,2			67.20279233	22.40093078
137	Branišov JZ	9	48.975435001775622	14.386418983340263	2	116	44,1	42094	45,3	32					35710459.69	17855229.85
138	Branišov JZ	9	48.97426899522543	14.388037025928497	4	113	48,4	32,9	47,7	32,6	45,4	33,6	46,9	32,7	93.45045892	23.36261473
139	Branišov JZ	9	48.973678993061185	14.387768972665071	3	107,33	46,7	33	45,4	32,9	47,2	32,4			68.3426984	22.78089947
140	Branišov JZ	9	48.973223017528653	14.389059031382203	3	113	46,9	33,5	47,2	32,5	47,4	33,4			71.00229353	23.66743118
141	Branišov JZ	9	48.974633021280169	14.389337981119752	4	113	45	35,3	44,6	35,2	44,1	34,7			75.14707057	18.78676764
142	Dubné V	7	48.976932009682059	14.369948962703347	4	93	46,04	33,19	46,56	32,92	46,9	32,21	46	32,38	90.5144398	22.62860995
143	Volešek SSS	3	48.976932009682059	14.369948962703347	4	98,5	47,3	32,3	44,8	32	45,9	32,3	47,1	32,4	87.99696047	21.99924012
144	Nové Dvory	9	49.001414040103555	14.394298978149891	4		45,29	33,46	46,89	32,95	46,69	32,92	47	33,84	94.15800268	23.53950067
145	Blatec SV	9	49.122096011415124	14.314724039286375	4	112	44,85	32,05	44,35	33,2	43,75	32,9	43,85	32,95	86.79246579	21.69811645
146	Blatec SV	9	49.122015964239836	14.316911967471242	4	112	46,65	33,75	47,45	33,7	45,6	32,65	46,3	33,9	95.44207594	23.86051899
147	Blatec SV	9	49.121439959853888	14.317864989861846	4	117,25	47,15	33,95	46,25	33,8	47	33,45	45,35	33,05	95.65347894	23.91336974
148	Blatec SV	9	49.123018020763993	14.31961303576827	4	115,75	46,2	32,25	44,4	32,3	45,05	32,05	44,75	32,1	85.34899262	21.33724815
149	Blatec SV	9	49.122479986399412	14.319887040182948	4	99,75	49,05	32,25	48	32,8	47,85	32,35	48,15	32,65	93.25563508	23.31390877
150	Jednoty	9	48.986369026824832	14.367695990949869	3	120,67	44,6	33,3	45,2	33,3	44,4	32,7			67.20404269	22.40134756
151	Vyšatov SS	9	48.997611002996564	14.366434011608362	4	111,5	46,8	33,3	45,1	33	45,9	32,9	46,9	33,8	93.3527642	23.33819105
152	Vyšatov SS	9	48.996928967535496	14.365776032209396	4	113	46,7	32,2	46,5	32,2	45,4	32	49,2	32,4	89.01047496	22.25261874
153	Vyšatov SS	9	48.998052980750799	14.366600979119539	4	113	46,2	33,2	45,9	33	43,6	33,4	44,4	32,2	89.3812939	22.34532348
154	Vyšatov SS	9	48.997215963900089	14.366016006097198	1	124	45,9	33,2							23.12091691	23.12091691
155	Vyšatov SS	9	48.998513985425234	14.365013027563691	4	113	48,5	32,6	45,6	33,4	44,7	32,8	47,3	33,5	93.03874213	23.25968553
157	MAPE	15	49.108353964984417	14.347542962059379	4	118,25	43,3	33,1	43,6	33,3	44,7	33,9	44	32,7	88.75212555	22.18803139
158	MAPE	15	49.108179034665227	14.347532987594604	4	122	47	31,2	46,4	30,5	46,26	31,56	46,68	31,58	37680138.63	9420034.657
159	MAPE	15	49.10816503688693	14.34778100810945	4	96	47,4	32,9	48,7	32,9	48,4	32,5	49,7	32,6	95.03830176	23.75957544
160	MAPE	15	49.108486985787749	14.34808099642396	1										1	1
161	MAPE	15	49.108565021306276	14.348214017227292	4	113,25	43,3	32,7	41,7	32,4	42,4	32,6	42,3	32,1	81.67623551	20.41905888
162	Dubné V	7	48.973488975316286	14.368627974763513	4	98	45,69	33,05	46,73	32,21	48,72	31,65	45,77	32,72	89.66072298	22.41518074
163	Dubné V	7	48.976313006132841	14.369336999952793	4										0	0
164	Branišov JZ	9	48.975868010893464	14.389038998633623	4	108	47,08	32,99	45,3	32,91	46,4	33,25	45,46	33,33	92.36022383	23.09005596
165	MAPE	15	49.108183979988098	14.34771403670311	4	116,75	44,51	32,85	45,11	32,64	46,8	32,38	49,06	33,39	91.3338746	22.83346865
166	Knížecí JV	9	49.044473972171545	14.324686015024781	5	119,75	45,04	34,01	45,81	35,15	45,55	34,57	44,84	35,11	99.81203793	19.96240759
167	Knížecí JV	9	49.042694997042418	14.326314032077789	4	119	47,59	33,7	47,96	33,69	48,11	32,59	47,81	33,89	98.02293524	24.50573381
168	Knížecí JV	9	49.043317018076777	14.325209967792034	2										0	0
169	Knížecí JV	9	49.043642990291119	14.324343027547002	4	119	48,12	33,06	49,11	32,37	47,85	32,52	48,97	32,85	94.82755112	23.70688778
170	Vyšatov SS	9	48.998541980981827	14.362341966480017	4	113	46,75	34,48	45,61	34,57	47,66	33,75	46,71	34,08	99.91226187	24.97806547
171	Blatec SV	9	49.122993964701891	14.317373977974057	4	107,5	47,84	34,34	49,56	34,24	48,18	34,47	48,16	34,17	104.1938531	26.04846327
172	Branišov JZ	9	48.973545972257853	14.386720983311534	4	117	47,74	32,45	46,34	32,24	46,75	32,12	46,27	31,45	87.94253762	21.98563441
173	Knížecí JV	9			4	118,25	44,96	33,76	46,2	33,51	46,34	33,78	49,23	33,28	96.20976396	24.05244099
174	Novosedly teletník	9			4	129,5	47,06	34,13	48,29	32,97	47,32	33,13	48,85	33,32	97.56175592	24.39043898
301	Dívèice SZZ	2			4	110	42,9	30,1	42,5	30,6	43,15	30,5	41,8	30,5	72.06335499	18.01583875
302	Zajícovský  S	14			1	120	52,4	37,2							33.13853971	33.13853971
303	Mokøina u Voleška	3			4	112,25	52,3	37,2	50,7	36,8	50,9	36,8	49,6	36,8	126.6511154	31.66277886
304	MAPE	15			4	116	43,68	30,39	44,23	29,68	44,49	30,34	42,45	30	72.41704622	18.10426156
